nearliest: (2, 3), (3, 2), (2, 1), (1, 2), (0, 2), (1, 3), (2, 2), (1, 1), (0, 1)
weariest: (3, 1), (3, 2), (2, 1), (1, 2), (1, 3), (2, 2), (1, 1), (0, 1)
earliest: (3, 2), (2, 1), (1, 2), (0, 2), (1, 3), (2, 2), (1, 1), (0, 1)
anserine: (1, 0), (0, 0), (1, 1), (2, 2), (1, 2), (1, 3), (2, 3), (3, 2)
wearies: (3, 1), (3, 2), (2, 1), (1, 2), (1, 3), (2, 2), (1, 1)
eastlin: (2, 2), (2, 1), (1, 1), (0, 1), (0, 2), (1, 3), (2, 3)
cineast: (0, 3), (1, 3), (2, 3), (2, 2), (2, 1), (1, 1), (0, 1)
wastrie: (3, 1), (2, 1), (1, 1), (0, 1), (1, 2), (1, 3), (2, 2)
earlies: (3, 2), (2, 1), (1, 2), (0, 2), (1, 3), (2, 2), (1, 1)
arsenic: (2, 1), (1, 2), (1, 1), (2, 2), (2, 3), (1, 3), (0, 3)
earnest: (3, 2), (2, 1), (1, 2), (2, 3), (2, 2), (1, 1), (0, 1)
wariest: (3, 1), (2, 1), (1, 2), (1, 3), (2, 2), (1, 1), (0, 1)
oestrin: (3, 3), (2, 2), (1, 1), (0, 1), (1, 2), (1, 3), (2, 3)
adwares: (1, 0), (2, 0), (3, 1), (2, 1), (1, 2), (2, 2), (1, 1)
westlin: (3, 1), (2, 2), (1, 1), (0, 1), (0, 2), (1, 3), (2, 3)
nearest: (2, 3), (3, 2), (2, 1), (1, 2), (2, 2), (1, 1), (0, 1)
darcies: (2, 0), (2, 1), (1, 2), (0, 3), (1, 3), (2, 2), (1, 1)
strawen: (1, 1), (0, 1), (1, 2), (2, 1), (3, 1), (2, 2), (2, 3)
darnest: (2, 0), (2, 1), (1, 2), (2, 3), (2, 2), (1, 1), (0, 1)
triene: (0, 1), (1, 2), (1, 3), (2, 2), (2, 3), (3, 2)
readds: (1, 2), (2, 2), (2, 1), (3, 0), (2, 0), (1, 1)
trines: (0, 1), (1, 2), (1, 3), (2, 3), (2, 2), (1, 1)
sarnie: (1, 1), (2, 1), (1, 2), (2, 3), (1, 3), (2, 2)
antres: (1, 0), (0, 0), (0, 1), (1, 2), (2, 2), (1, 1)
arseno: (2, 1), (1, 2), (1, 1), (2, 2), (2, 3), (3, 3)
treads: (0, 1), (1, 2), (2, 2), (2, 1), (2, 0), (1, 1)
serine: (1, 1), (2, 2), (1, 2), (1, 3), (2, 3), (3, 2)
inerts: (1, 3), (2, 3), (2, 2), (1, 2), (0, 1), (1, 1)
lierne: (0, 2), (1, 3), (2, 2), (1, 2), (2, 3), (3, 2)
aeonic: (2, 1), (2, 2), (3, 3), (2, 3), (1, 3), (0, 3)
liners: (0, 2), (1, 3), (2, 3), (2, 2), (1, 2), (1, 1)
adware: (1, 0), (2, 0), (3, 1), (2, 1), (1, 2), (2, 2)
linear: (0, 2), (1, 3), (2, 3), (2, 2), (2, 1), (1, 2)
stadda: (1, 1), (0, 1), (1, 0), (2, 0), (3, 0), (2, 1)
clines: (0, 3), (0, 2), (1, 3), (2, 3), (2, 2), (1, 1)
strine: (1, 1), (0, 1), (1, 2), (1, 3), (2, 3), (2, 2)
newest: (2, 3), (3, 2), (3, 1), (2, 2), (1, 1), (0, 1)
estrin: (2, 2), (1, 1), (0, 1), (1, 2), (1, 3), (2, 3)
crines: (0, 3), (1, 2), (1, 3), (2, 3), (2, 2), (1, 1)
rawest: (1, 2), (2, 1), (3, 1), (2, 2), (1, 1), (0, 1)
strene: (1, 1), (0, 1), (1, 2), (2, 2), (2, 3), (3, 2)
cresta: (0, 3), (1, 2), (2, 2), (1, 1), (0, 1), (1, 0)
dawen: (2, 0), (2, 1), (3, 1), (2, 2), (2, 3)
crewe: (0, 3), (1, 2), (2, 2), (3, 1), (3, 2)
resat: (1, 2), (2, 2), (1, 1), (1, 0), (0, 1)
dadas: (3, 0), (2, 1), (2, 0), (1, 0), (1, 1)
resaw: (1, 2), (2, 2), (1, 1), (2, 1), (3, 1)
cirls: (0, 3), (1, 3), (1, 2), (0, 2), (1, 1)
weest: (3, 1), (3, 2), (2, 2), (1, 1), (0, 1)
cires: (0, 3), (1, 3), (1, 2), (2, 2), (1, 1)
dawds: (3, 0), (2, 1), (3, 1), (2, 0), (1, 1)
earls: (2, 2), (2, 1), (1, 2), (0, 2), (1, 1)
cines: (0, 3), (1, 3), (2, 3), (2, 2), (1, 1)
reast: (1, 2), (2, 2), (2, 1), (1, 1), (0, 1)
reads: (1, 2), (2, 2), (2, 1), (2, 0), (1, 1)
readd: (1, 2), (2, 2), (2, 1), (2, 0), (3, 0)
tries: (0, 1), (1, 2), (1, 3), (2, 2), (1, 1)
earst: (2, 2), (2, 1), (1, 2), (1, 1), (0, 1)
sarin: (1, 1), (2, 1), (1, 2), (1, 3), (2, 3)
easer: (3, 2), (2, 1), (1, 1), (2, 2), (1, 2)
saree: (1, 1), (2, 1), (1, 2), (2, 2), (3, 2)
trine: (0, 1), (1, 2), (1, 3), (2, 3), (2, 2)
slier: (1, 1), (0, 2), (1, 3), (2, 2), (1, 2)
renew: (1, 2), (2, 2), (2, 3), (3, 2), (3, 1)
antra: (1, 0), (0, 0), (0, 1), (1, 2), (2, 1)
antre: (1, 0), (0, 0), (0, 1), (1, 2), (2, 2)
trads: (0, 1), (1, 2), (2, 1), (2, 0), (1, 1)
sawer: (1, 1), (2, 1), (3, 1), (2, 2), (1, 2)
warts: (3, 1), (2, 1), (1, 2), (0, 1), (1, 1)
ansae: (1, 0), (0, 0), (1, 1), (2, 1), (2, 2)
arils: (2, 1), (1, 2), (1, 3), (0, 2), (1, 1)
warst: (3, 1), (2, 1), (1, 2), (1, 1), (0, 1)
tread: (0, 1), (1, 2), (2, 2), (2, 1), (2, 0)
seric: (1, 1), (2, 2), (1, 2), (1, 3), (0, 3)
areic: (2, 1), (1, 2), (2, 2), (1, 3), (0, 3)
serin: (1, 1), (2, 2), (1, 2), (1, 3), (2, 3)
arene: (2, 1), (1, 2), (2, 2), (2, 3), (3, 2)
treen: (0, 1), (1, 2), (2, 2), (3, 2), (2, 3)
nirls: (2, 3), (1, 3), (1, 2), (0, 2), (1, 1)
wares: (3, 1), (2, 1), (1, 2), (2, 2), (1, 1)
inert: (1, 3), (2, 3), (2, 2), (1, 2), (0, 1)
seine: (1, 1), (2, 2), (1, 3), (2, 3), (3, 2)
liras: (0, 2), (1, 3), (1, 2), (2, 1), (1, 1)
ewest: (3, 2), (3, 1), (2, 2), (1, 1), (0, 1)
ewers: (3, 2), (3, 1), (2, 2), (1, 2), (1, 1)
liers: (0, 2), (1, 3), (2, 2), (1, 2), (1, 1)
nerts: (2, 3), (2, 2), (1, 2), (0, 1), (1, 1)
dants: (2, 0), (1, 0), (0, 0), (0, 1), (1, 1)
nears: (2, 3), (2, 2), (2, 1), (1, 2), (1, 1)
lines: (0, 2), (1, 3), (2, 3), (2, 2), (1, 1)
liner: (0, 2), (1, 3), (2, 3), (2, 2), (1, 2)
wadds: (3, 1), (2, 1), (3, 0), (2, 0), (1, 1)
sewar: (1, 1), (2, 2), (3, 1), (2, 1), (1, 2)
sewen: (1, 1), (2, 2), (3, 1), (3, 2), (2, 3)
clies: (0, 3), (0, 2), (1, 3), (2, 2), (1, 1)
oners: (3, 3), (2, 3), (2, 2), (1, 2), (1, 1)
darts: (2, 0), (2, 1), (1, 2), (0, 1), (1, 1)
cline: (0, 3), (0, 2), (1, 3), (2, 3), (2, 2)
rines: (1, 2), (1, 3), (2, 3), (2, 2), (1, 1)
weils: (3, 1), (2, 2), (1, 3), (0, 2), (1, 1)
strad: (1, 1), (0, 1), (1, 2), (2, 1), (2, 0)
rasta: (1, 2), (2, 1), (1, 1), (0, 1), (1, 0)
weirs: (3, 1), (2, 2), (1, 3), (1, 2), (1, 1)
newer: (2, 3), (3, 2), (3, 1), (2, 2), (1, 2)
cries: (0, 3), (1, 2), (1, 3), (2, 2), (1, 1)
strae: (1, 1), (0, 1), (1, 2), (2, 1), (2, 2)
daric: (2, 0), (2, 1), (1, 2), (1, 3), (0, 3)
crine: (0, 3), (1, 2), (1, 3), (2, 3), (2, 2)
straw: (1, 1), (0, 1), (1, 2), (2, 1), (3, 1)
dares: (2, 0), (2, 1), (1, 2), (2, 2), (1, 1)
wears: (3, 1), (2, 2), (2, 1), (1, 2), (1, 1)
nadas: (0, 0), (1, 0), (2, 0), (2, 1), (1, 1)
strew: (1, 1), (0, 1), (1, 2), (2, 2), (3, 1)
crest: (0, 3), (1, 2), (2, 2), (1, 1), (0, 1)
tasar: (0, 1), (1, 0), (1, 1), (2, 1), (1, 2)
taser: (0, 1), (1, 0), (1, 1), (2, 2), (1, 2)
wees: (3, 1), (3, 2), (2, 2), (1, 1)
dawd: (2, 0), (2, 1), (3, 1), (3, 0)
sant: (1, 1), (1, 0), (0, 0), (0, 1)
erne: (2, 2), (1, 2), (2, 3), (3, 2)
crew: (0, 3), (1, 2), (2, 2), (3, 1)
dada: (3, 0), (2, 1), (2, 0), (1, 0)
cree: (0, 3), (1, 2), (2, 2), (3, 2)
tads: (0, 1), (1, 0), (2, 0), (1, 1)
eine: (2, 2), (1, 3), (2, 3), (3, 2)
dads: (3, 0), (2, 1), (2, 0), (1, 1)
cirl: (0, 3), (1, 3), (1, 2), (0, 2)
east: (2, 2), (2, 1), (1, 1), (0, 1)
weer: (3, 1), (3, 2), (2, 2), (1, 2)
tsar: (0, 1), (1, 1), (2, 1), (1, 2)
cire: (0, 3), (1, 3), (1, 2), (2, 2)
rein: (1, 2), (2, 2), (1, 3), (2, 3)
cine: (0, 3), (1, 3), (2, 3), (2, 2)
earl: (2, 2), (2, 1), (1, 2), (0, 2)
read: (1, 2), (2, 2), (2, 1), (2, 0)
ease: (3, 2), (2, 1), (1, 1), (2, 2)
sari: (1, 1), (2, 1), (1, 2), (1, 3)
trie: (0, 1), (1, 2), (1, 3), (2, 2)
arts: (2, 1), (1, 2), (0, 1), (1, 1)
ears: (2, 2), (2, 1), (1, 2), (1, 1)
wast: (3, 1), (2, 1), (1, 1), (0, 1)
trin: (0, 1), (1, 2), (1, 3), (2, 3)
earn: (2, 2), (2, 1), (1, 2), (2, 3)
ants: (1, 0), (0, 0), (0, 1), (1, 1)
arse: (2, 1), (1, 2), (1, 1), (2, 2)
reno: (1, 2), (2, 2), (2, 3), (3, 3)
wase: (3, 1), (2, 1), (1, 1), (2, 2)
wart: (3, 1), (2, 1), (1, 2), (0, 1)
trad: (0, 1), (1, 2), (2, 1), (2, 0)
ansa: (1, 0), (0, 0), (1, 1), (2, 1)
enew: (2, 2), (2, 3), (3, 2), (3, 1)
tres: (0, 1), (1, 2), (2, 2), (1, 1)
aril: (2, 1), (1, 2), (1, 3), (0, 2)
reen: (1, 2), (2, 2), (3, 2), (2, 3)
wars: (3, 1), (2, 1), (1, 2), (1, 1)
ares: (2, 1), (1, 2), (2, 2), (1, 1)
nils: (2, 3), (1, 3), (0, 2), (1, 1)
ires: (1, 3), (1, 2), (2, 2), (1, 1)
trew: (0, 1), (1, 2), (2, 2), (3, 1)
arew: (2, 1), (1, 2), (2, 2), (3, 1)
tree: (0, 1), (1, 2), (2, 2), (3, 2)
sera: (1, 1), (2, 2), (1, 2), (2, 1)
seil: (1, 1), (2, 2), (1, 3), (0, 2)
nirl: (2, 3), (1, 3), (1, 2), (0, 2)
enes: (3, 2), (2, 3), (2, 2), (1, 1)
seir: (1, 1), (2, 2), (1, 3), (1, 2)
lira: (0, 2), (1, 3), (1, 2), (2, 1)
ware: (3, 1), (2, 1), (1, 2), (2, 2)
nies: (2, 3), (1, 3), (2, 2), (1, 1)
warn: (3, 1), (2, 1), (1, 2), (2, 3)
sear: (1, 1), (2, 2), (2, 1), (1, 2)
nest: (2, 3), (2, 2), (1, 1), (0, 1)
lire: (0, 2), (1, 3), (1, 2), (2, 2)
ewes: (3, 2), (3, 1), (2, 2), (1, 1)
lies: (0, 2), (1, 3), (2, 2), (1, 1)
asar: (1, 0), (1, 1), (2, 1), (1, 2)
ewer: (3, 2), (3, 1), (2, 2), (1, 2)
lier: (0, 2), (1, 3), (2, 2), (1, 2)
aeon: (2, 1), (2, 2), (3, 3), (2, 3)
wads: (3, 1), (2, 1), (2, 0), (1, 1)
asea: (1, 0), (1, 1), (2, 2), (2, 1)
wadd: (3, 1), (2, 1), (2, 0), (3, 0)
lien: (0, 2), (1, 3), (2, 2), (2, 3)
waes: (3, 1), (2, 1), (2, 2), (1, 1)
adaw: (1, 0), (2, 0), (2, 1), (3, 1)
near: (2, 3), (2, 2), (2, 1), (1, 2)
line: (0, 2), (1, 3), (2, 3), (2, 2)
dant: (2, 0), (1, 0), (0, 0), (0, 1)
sene: (1, 1), (2, 2), (2, 3), (3, 2)
adds: (2, 1), (3, 0), (2, 0), (1, 1)
dans: (2, 0), (1, 0), (0, 0), (1, 1)
awes: (2, 1), (3, 1), (2, 2), (1, 1)
west: (3, 1), (2, 2), (1, 1), (0, 1)
awee: (2, 1), (3, 1), (2, 2), (3, 2)
seen: (1, 1), (2, 2), (3, 2), (2, 3)
lino: (0, 2), (1, 3), (2, 3), (3, 3)
onie: (3, 3), (2, 3), (1, 3), (2, 2)
dart: (2, 0), (2, 1), (1, 2), (0, 1)
ones: (3, 3), (2, 3), (2, 2), (1, 1)
wert: (3, 1), (2, 2), (1, 2), (0, 1)
oner: (3, 3), (2, 3), (2, 2), (1, 2)
rine: (1, 2), (1, 3), (2, 3), (2, 2)
weil: (3, 1), (2, 2), (1, 3), (0, 2)
nats: (0, 0), (1, 0), (0, 1), (1, 1)
rast: (1, 2), (2, 1), (1, 1), (0, 1)
weir: (3, 1), (2, 2), (1, 3), (1, 2)
dari: (2, 0), (2, 1), (1, 2), (1, 3)
rase: (1, 2), (2, 1), (1, 1), (2, 2)
noes: (2, 3), (3, 3), (2, 2), (1, 1)
dare: (2, 0), (2, 1), (1, 2), (2, 2)
rads: (1, 2), (2, 1), (2, 0), (1, 1)
nads: (0, 0), (1, 0), (2, 0), (1, 1)
wear: (3, 1), (2, 2), (2, 1), (1, 2)
erst: (2, 2), (1, 2), (1, 1), (0, 1)
nada: (0, 0), (1, 0), (2, 0), (2, 1)
darn: (2, 0), (2, 1), (1, 2), (2, 3)
craw: (0, 3), (1, 2), (2, 1), (3, 1)
ween: (3, 1), (2, 2), (3, 2), (2, 3)
tans: (0, 1), (1, 0), (0, 0), (1, 1)
daes: (2, 0), (2, 1), (2, 2), (1, 1)
eric: (2, 2), (1, 2), (1, 3), (0, 3)
eras: (2, 2), (1, 2), (2, 1), (1, 1)
tase: (0, 1), (1, 0), (1, 1), (2, 2)
rest: (1, 2), (2, 2), (1, 1), (0, 1)
san: (1, 1), (1, 0), (0, 0)
tad: (0, 1), (1, 0), (2, 0)
sat: (1, 1), (1, 0), (0, 1)
sad: (1, 1), (1, 0), (2, 0)
eas: (2, 2), (2, 1), (1, 1)
sri: (1, 1), (1, 2), (1, 3)
rei: (1, 2), (2, 2), (1, 3)
ear: (2, 2), (2, 1), (1, 2)
sar: (1, 1), (2, 1), (1, 2)
art: (2, 1), (1, 2), (0, 1)
was: (3, 1), (2, 1), (1, 1)
ant: (1, 0), (0, 0), (0, 1)
ren: (1, 2), (2, 2), (2, 3)
arc: (2, 1), (1, 2), (0, 3)
ars: (2, 1), (1, 2), (1, 1)
war: (3, 1), (2, 1), (1, 2)
sae: (1, 1), (2, 1), (2, 2)
rew: (1, 2), (2, 2), (3, 1)
ene: (2, 2), (2, 3), (3, 2)
ans: (1, 0), (0, 0), (1, 1)
saw: (1, 1), (2, 1), (3, 1)
ree: (1, 2), (2, 2), (3, 2)
ewe: (2, 2), (3, 1), (3, 2)
reo: (1, 2), (2, 2), (3, 3)
een: (2, 2), (3, 2), (2, 3)
are: (2, 1), (1, 2), (2, 2)
eew: (2, 2), (3, 2), (3, 1)
ser: (1, 1), (2, 2), (1, 2)
eon: (2, 2), (3, 3), (2, 3)
ats: (1, 0), (0, 1), (1, 1)
nil: (2, 3), (1, 3), (0, 2)
ire: (1, 3), (1, 2), (2, 2)
sei: (1, 1), (2, 2), (1, 3)
nie: (2, 3), (1, 3), (2, 2)
sea: (1, 1), (2, 2), (2, 1)
lie: (0, 2), (1, 3), (2, 2)
wad: (3, 1), (2, 1), (2, 0)
lin: (0, 2), (1, 3), (2, 3)
ads: (1, 0), (2, 0), (1, 1)
oes: (3, 3), (2, 2), (1, 1)
sen: (1, 1), (2, 2), (2, 3)
wae: (3, 1), (2, 1), (2, 2)
dan: (2, 0), (1, 0), (0, 0)
add: (1, 0), (2, 0), (3, 0)
awe: (2, 1), (3, 1), (2, 2)
sew: (1, 1), (2, 2), (3, 1)
new: (2, 3), (2, 2), (3, 1)
nee: (2, 3), (2, 2), (3, 2)
aas: (1, 0), (2, 1), (1, 1)
das: (2, 0), (1, 0), (1, 1)
see: (1, 1), (2, 2), (3, 2)
one: (3, 3), (2, 3), (2, 2)
nas: (0, 0), (1, 0), (1, 1)
rin: (1, 2), (1, 3), (2, 3)
nat: (0, 0), (1, 0), (0, 1)
est: (2, 2), (1, 1), (0, 1)
ras: (1, 2), (2, 1), (1, 1)
rad: (1, 2), (2, 1), (2, 0)
ers: (2, 2), (1, 2), (1, 1)
raw: (1, 2), (2, 1), (3, 1)
dae: (2, 0), (2, 1), (2, 2)
wee: (3, 1), (2, 2), (3, 2)
wen: (3, 1), (2, 2), (2, 3)
tan: (0, 1), (1, 0), (0, 0)
era: (2, 2), (1, 2), (2, 1)
tas: (0, 1), (1, 0), (1, 1)
res: (1, 2), (2, 2), (1, 1)
ern: (2, 2), (1, 2), (2, 3)
dad: (2, 0), (2, 1), (3, 0)
daw: (2, 0), (2, 1), (3, 1)
